100
4 3 12
3 2 1
1 5 2
8 1 1
3 2 30
1 2 27
3 2 1
4 1 11
2 1 2
4 1 5
8 2 2
5 10 5000
14 27 31
27 11 44
30 8 20
2000 4000 3
13 3 23
2 2 1
4 3 1
3 2 2
2 1 1
8 2 1
10 2 2
10 2 1
14 2 2
13 3 2
18 3 1
19 3 1
6 2 2
5 45 281
11 43 140
117 81 1
84 39 3
163 56 45
4 3720 4185
372 3627 1209
2511 186 93
2604 2139 1209
15 39 1500
12 42 6
18 9 63
288 6 108
243 57 18
444 27 297
792 24 3
816 27 45
1074 27 24
1113 27 24
1110 18 30
672 39 246
1194 36 15
213 24 12
639 57 6
14 57 3258
36 60 21
48 18 591
276 66 366
1170 24 9
1179 51 471
618 255 138
2046 18 3
222 21 555
1968 315 9
2256 63 18
120 15 18
3000 15 15
3039 42 51
13 48 3440
112 40 8
72 56 8
48 48 8
88 24 40
200 32 8
208 48 1144
2816 16 136
704 440 8
3128 32 8
3096 24 8
3376 16 56
1952 1464 48
3 38 106
30 39 5
13 25 25
3 66 292
72 4 58
86 97 20
9 11 730
8 5 6
17 8 139
230 7 2
233 11 20
283 10 3
286 4 3
291 5 261
362 181 6
7 935 3553
187 1122 187
187 561 187
561 187 187
1122 561 374
374 374 561
2057 374 935
15 11 550
4 9 1
1 11 103
40 11 13
89 40 1
171 2 7
178 4 1
185 4 7
208 11 2
148 13 44
27 14 2
269 4 205
492 3 8
239 16 33
21 11 1
12 18 3699
6 19 8
16 15 50
54 15 4
74 13 43
128 18 1
112 1 15
295 11 1
225 18 66
354 55 15
430 8 2
332 28 8
16 550 4800
375 575 300
800 200 50
350 350 350
1500 550 125
1625 225 50
1125 200 150
1900 500 75
1175 200 400
1825 300 350
2950 425 100
1700 525 75
2275 750 100
725 225 50
3375 775 50
4325 350 50
16 32 1060
19 31 3
22 32 150
184 31 15
205 9 51
158 33 53
302 46 5
454 9 12
158 142 22
174 22 8
623 7 104
874 21 36
584 102 4
996 23 15
395 49 1
1035 25 25
11 16 774
7 16 1
15 16 21
23 17 4
34 10 25
67 106 163
330 125 3
459 13 80
679 11 21
702 15 6
767 14 7
9 8 37
6 6 2
6 3 2
6 5 4
9 9 1
15 4 1
16 4 5
20 6 6
25 8 1
10 84 1328
56 64 404
404 392 4
804 48 24
1084 56 32
1124 20 240
1420 24 8
588 84 12
260 20 220
2040 48 24
10 21 546
39 3 8
35 7 13
44 22 103
158 197 2
346 11 2
359 3 1
142 33 142
515 10 7
307 20 19
9 37 1016
21 38 58
248 19 183
275 128 2
134 10 22
449 27 168
732 30 17
219 9 6
157 72 15
2 267 3846
325 3 199
15 18 1062
100 4 1
101 10 23
125 13 3
130 2 76
191 106 4
312 9 4
119 26 249
90 8 15
596 18 17
216 17 33
758 6 1
759 5 7
767 3 221
190 61 3
6 41 1115
39 42 107
145 71 9
237 17 67
337 40 74
384 233 28
16 3 835
7 2 1
9 2 1
11 3 1
10 2 1
14 3 1
12 3 1
17 3 1
7 4 2
3 3 1
11 4 335
705 2 2
473 3 1
709 3 32
473 89 1
140 3 2
14 18 632
49 5 16
78 7 7
14 3 4
59 16 53
284 9 2
286 11 6
63 12 25
397 13 1
248 15 6
411 2 21
302 129 36
616 8 5
586 14 4
11 114 2646
156 18 300
534 108 6
546 42 72
930 18 18
894 72 30
276 156 420
1872 60 168
486 84 60
2574 48 54
210 54 6
3 38 91
29 16 7
36 38 37
7 3 1074
1 3 1
1 1 1
3 2 1
2 3 734
987 3 55
1071 2 3
13 12 749
93 5 14
72 13 2
115 6 4
94 13 26
318 2 1
227 4 1
84 11 12
332 138 17
534 2 38
444 63 4
637 11 58
354 55 10
3 166 686
80 114 126
172 264 74
14 7 50
5 7 1
10 4 2
3 3 2
9 7 4
11 5 1
21 2 2
27 4 2
20 5 1
34 7 1
36 6 1
38 4 2
42 5 1
48 5 2
15 19 460
6 15 20
62 6 76
138 15 3
29 25 1
75 14 18
179 10 49
236 5 2
239 13 162
407 9 18
439 9 13
121 12 19
546 7 4
528 1 1
412 7 18
13 14 103
8 12 1
5 8 3
7 11 7
28 9 2
22 5 1
29 5 4
40 4 7
24 13 3
26 16 8
71 8 8
81 9 2
83 13 2
16 23 576
10 15 3
14 20 2
20 23 22
20 9 4
32 36 8
74 250 28
191 75 1
319 14 29
467 4 6
475 10 21
306 57 6
545 12 4
129 3 9
571 19 1
321 23 2
11 16 392
11 17 132
161 2 15
95 79 3
259 15 130
600 15 8
612 11 21
656 12 3
661 15 6
565 22 1
55 13 11
13 26 616
63 2 40
27 21 21
130 59 13
146 19 2
175 4 12
112 92 1
220 29 1
314 21 82
558 11 15
152 31 5
18 6 5
601 12 15
7 57 626
76 3 3
22 74 74
158 438 8
606 32 30
136 39 29
695 26 20
8 26 558
69 4 61
205 16 24
229 10 1
230 23 4
240 4 1
241 12 141
357 200 1
13 14 706
1 15 6
53 3 18
127 6 1
51 6 5
136 2 1
137 3 269
404 177 3
55 52 6
19 9 1
307 6 50
695 7 8
704 11 2
2 162 263
101 139 104
16 6 854
110 3 90
207 6 5
218 6 36
259 4 1
261 3 4
153 1 128
453 2 21
94 14 1
488 3 1
490 3 2
492 5 112
738 5 3
741 5 66
868 6 8
549 108 4
16 3 456
1 3 3
2 22 2
26 2 1
13 1 52
76 13 3
92 2 1
70 2 47
139 77 17
77 9 1
81 4 70
197 14 7
287 14 1
326 3 83
452 2 1
303 3 3
7 31 532
20 29 17
16 67 56
160 17 94
330 27 67
477 23 13
361 20 11
16 3 28
1 3 1
1 1 1
4 3 2
6 3 1
6 1 1
8 2 2
10 3 2
12 2 1
6 2 2
6 2 1
6 3 1
16 3 1
21 3 2
19 2 1
24 2 3
6 63 4455
11 56 24
1 54 100
250 10 27
279 55 48
336 56 2
10 7 500
39 3 1
41 4 1
24 6 99
135 89 25
119 31 27
80 27 9
213 23 5
356 6 88
493 4 7
11 24 976
48 5 33
115 4 3
196 22 74
356 9 9
365 16 25
288 93 1
475 24 301
401 12 105
910 5 7
919 12 6
8 273 4039
21 273 28
105 245 63
245 154 777
889 1351 973
3262 84 28
3486 70 175
2940 518 63
2 52 87
22 32 51
3 84 3168
187 3 470
900 75 25
3 37 69
24 25 26
16 37 6
16 28 1208
12 18 92
104 20 2
108 6 2
112 28 336
280 150 6
238 18 258
702 142 98
410 38 2
336 32 26
1168 24 14
1182 8 2
1096 10 12
1200 6 214
726 222 8
1638 8 2
10 24 275
21 6 3
18 15 57
70 119 22
65 21 6
57 19 12
221 25 1
248 8 3
253 6 3
112 7 16
16 42 2082
147 15 6
156 21 18
87 48 27
219 12 3
114 36 6
54 36 12
174 39 3
273 12 423
1746 9 3
1752 21 45
696 84 6
1884 33 54
1938 18 60
2043 27 6
1167 42 33
14 7 752
4 4 210
289 6 1
177 4 174
500 4 10
521 4 2
523 4 1
524 6 83
320 95 8
363 10 3
719 7 1
357 6 6
729 2 1
731 3 7
11 23 138
12 16 1
23 18 6
22 13 6
19 25 14
65 19 4
29 26 2
69 14 9
83 10 4
42 3 1
101 9 16
15 25 751
24 10 1
26 21 1
27 3 10
146 21 11
108 28 67
173 45 1
269 24 2
271 12 2
276 9 60
195 140 5
526 23 96
612 98 31
742 19 1
746 2 5
3 38 421
252 3 49
146 121 33
15 3 27
1 3 1
2 2 1
4 3 2
2 2 1
4 3 1
5 3 2
10 3 1
12 2 2
2 2 2
16 2 1
12 3 2
14 2 1
22 2 1
6 1 3
12 17 94
2 18 2
6 15 7
5 11 3
15 9 1
15 6 4
37 15 10
37 13 2
59 12 8
15 4 13
40 8 1
25 8 9
2 124 4139
116 34 9
2 251 2411
22 237 92
10 34 385
29 6 15
156 25 53
238 13 15
273 33 3
183 16 3
124 45 8
323 21 64
193 83 10
430 14 5
8 100 4436
72 56 464
1388 80 4
1392 60 4
1396 72 2060
3936 80 44
4008 64 60
4392 68 44
14 16 943
143 5 49
289 10 6
305 13 57
438 16 4
206 2 2
403 17 3
404 16 186
500 47 31
722 3 16
754 11 2
595 11 1
537 26 89
927 14 16
4 29 68
15 16 5
5 16 2
9 30 29
12 27 1093
165 2 10
190 13 10
211 11 422
629 113 44
605 39 65
871 5 3
878 17 11
898 20 3
122 26 121
1027 6 3
1030 25 13
10 23 1123
41 2 235
349 12 1
131 20 373
334 64 5
799 17 7
322 15 27
310 47 3
885 9 147
603 84 16
16 170 4920
530 20 20
590 160 120
730 90 380
2710 40 260
3020 20 10
3120 90 20
3140 110 120
100 30 410
4390 140 20
2820 30 30
4660 170 40
4700 30 50
4840 100 20
4860 60 50
4910 90 10
8 87 2241
69 51 90
93 66 18
183 66 45
258 42 471
1242 9 33
1302 24 561
906 315 75
12 13 544
40 4 35
91 10 46
160 9 42
259 8 2
268 7 6
32 1 10
131 11 155
78 14 2
446 8 3
209 12 86
314 16 6
5 91 3701
51 76 338
305 11 101
391 36 31
454 659 6
9 14 2344
10 11 12
22 9 67
106 12 6
95 11 5
122 8 3
61 5 486
377 115 123
876 12 14
13 13 855
171 5 1
174 2 6
123 45 3
73 9 1
224 5 16
260 3 9
31 10 3
281 5 157
564 12 4
574 3 7
582 2 78
468 187 13
5 1458 3240
1161 1485 81
27 27 135
324 1134 108
1269 486 918
10 27 652
14 20 1
16 13 119
134 203 2
186 17 2
345 2 11
97 26 13
247 32 6
249 25 3
417 22 5
5 44 560
4 45 300
318 3 8
149 88 75
168 94 16
3 77 479
622 2 25
187 103 46
10 26 680
18 21 87
233 25 18
162 66 7
156 20 5
325 9 12
92 13 2
341 3 15
365 15 166
381 128 25
9 37 686
12 29 154
197 14 2
199 24 27
229 26 15
262 23 31
304 3 12
313 88 61
443 237 6
12 17 911
7 11 27
44 14 3
17 15 7
63 3 12
61 4 192
284 4 10
287 182 5
147 7 328
792 177 2
971 10 165
223 16 9
8 5 1017
77 3 266
266 36 104
475 216 84
321 11 76
509 87 2
876 5 25
802 42 5
2 30 40
25 27 11
5 90 222
83 24 20
86 50 13
150 34 33
207 60 15
16 12 2995
7 6 7
8 10 3
11 12 5
12 9 54
215 7 1
168 8 25
170 69 1
78 2 31
378 10 2
388 8 8
396 11 115
276 78 10
614 9 1
618 3 14
530 93 12
12 29 716
6 26 3
32 11 53
108 14 10
49 43 3
149 28 8
164 7 4
182 17 189
81 71 2
194 19 20
249 20 89
186 172 14
4 568 4324
668 16 20
300 508 1168
4320 488 4
10 768 4992
384 576 384
768 576 192
1152 768 192
768 384 384
576 384 192
1728 576 576
2880 576 192
1152 576 192
3840 576 768
16 16 1126
5 16 13
6 50 23
112 4 2
115 16 88
93 51 34
282 14 10
163 19 13
309 6 13
411 6 10
97 9 97
576 3 2
403 23 362
1097 13 4
1108 2 8
131 5 10
16 14 696
4 11 7
9 8 117
168 3 4
172 3 2
176 7 10
187 5 11
30 13 49
310 7 10
378 5 1
383 12 3
123 14 2
399 3 4
408 14 143
108 108 20
657 33 6
4 24 16
2 24 1
2 5 1
3 7 12
6 53 140
12 46 36
48 12 31
84 27 14
101 18 21
125 44 6
14 24 1248
6 21 41
39 224 111
360 141 1
303 10 28
574 7 104
545 15 2
683 19 11
458 14 92
876 20 2
899 18 16
378 18 5
547 14 202
1235 17 13
3 40 397
3 38 270
363 36 34
8 4 4512
11 4 29
36 112 190
297 40 1
380 2 1
383 3 164
543 384 66
989 8 3
12 5 25
1 6 3
2 1 3
8 2 1
5 1 2
9 2 1
3 3 2
9 5 2
17 3 2
19 4 1
21 3 2
23 5 1
10 31 951
11 25 65
33 32 11
119 23 130
261 26 40
431 16 248
396 16 8
146 29 13
910 13 13
943 5 8
