100
4 3 12
3 2 1
1 5 2
8 1 1
3 2 30
1 2 27
3 2 1
4 1 11
2 1 2
4 1 5
8 2 2
5 10 5000
14 27 31
27 11 44
30 8 20
2000 4000 3
10 17 598
6 15 6
9 10 6
27 3 243
299 8 8
307 17 40
23 23 21
82 20 42
274 52 5
301 22 5
13 6 887
56 2 20
31 7 15
89 32 105
142 39 30
283 99 56
485 3 2
307 1 5
397 5 158
649 150 1
568 6 2
607 3 63
883 4 4
10 16 574
18 3 2
26 5 10
23 13 4
48 8 10
49 6 376
138 15 18
86 14 3
467 15 25
354 68 16
6 1170 3510
520 1170 520
780 260 130
1170 910 260
1950 260 520
1300 1300 130
12 10 634
9 11 1
10 7 53
53 204 2
273 10 4
250 9 2
119 5 1
77 7 258
587 2 5
467 15 6
196 17 3
174 9 10
4 43 2197
220 1 5
225 40 3
461 4 2
5 34 95
5 34 31
25 4 13
56 4 10
50 25 3
6 38 89
7 34 7
26 25 3
36 26 4
20 27 5
22 38 7
3 2088 3944
1450 1247 116
58 1914 1334
9 38 191
4 38 28
38 25 37
65 5 1
44 4 3
80 12 13
75 26 12
47 23 14
102 22 26
10 17 680
64 3 51
233 6 8
242 15 211
448 82 2
559 11 30
595 16 4
591 57 3
657 15 3
664 8 16
15 18 844
95 5 2
37 7 2
103 18 54
151 110 37
35 20 7
324 14 63
434 11 1
317 16 6
450 109 11
565 41 99
725 18 3
729 4 78
690 27 1
826 14 18
5 40 560
232 5 5
239 13 163
465 8 10
259 33 37
6 7 499
4 8 1
4 2 5
8 3 369
377 515 2
665 12 3
12 27 2914
11 25 8
37 19 53
68 9 2
88 22 124
138 76 102
446 26 6
119 29 11
493 27 7
511 27 1
500 7 10
373 32 26
11 29 693
34 5 165
265 26 27
307 9 4
72 14 1
273 33 9
86 28 96
469 16 60
105 24 19
569 9 5
580 6 27
16 4 900
13 5 7
18 21 1
40 2 143
279 4 1
264 2 1
282 2 78
357 56 2
98 2 2
54 5 300
733 2 3
759 4 3
768 4 1
771 3 26
166 45 46
328 15 2
5 64 337
171 4 8
133 69 49
196 22 22
304 49 21
4 55 352
6 51 33
290 5 8
83 46 39
16 92 3476
28 68 924
1136 28 80
1676 44 8
700 36 200
1996 68 48
1844 8 76
884 308 244
2720 52 4
2744 36 60
2284 52 500
3384 92 40
3436 56 20
424 140 136
3760 48 16
3776 64 52
15 8 443
6 8 2
10 5 1
15 6 1
10 10 110
208 6 2
210 6 122
336 2 2
338 8 56
417 3 1
472 6 2
312 1 6
481 3 3
487 6 1
157 9 4
16 8 650
1 8 117
135 8 2
140 2 1
143 8 2
145 4 23
119 45 1
214 3 1
216 4 1
217 7 1
53 3 4
222 6 1
225 3 1
36 8 3
58 6 56
649 4 1
9 36 202
34 20 21
57 4 6
46 14 2
77 9 19
12 10 9
87 48 9
162 16 4
193 23 9
8 34 173
18 21 1
10 10 7
47 25 20
74 2 9
62 37 7
77 54 6
135 28 10
7 224 3504
40 220 92
8 508 156
1024 220 268
1320 28 28
1452 36 456
3280 40 224
7 24 1454
44 6 8
48 44 294
812 6 6
380 6 46
1438 12 6
1448 16 6
16 28 1016
51 3 12
35 17 1
61 5 2
49 24 175
466 26 26
586 3 12
442 10 3
616 5 2
619 24 74
761 10 6
773 21 1
784 27 20
810 10 17
725 16 140
121 23 9
8 16 3743
9 10 1
4 7 230
225 408 1
765 6 8
773 7 7
907 12 35
958 11 11
7 40 558
9 41 42
47 618 22
65 37 117
777 39 41
987 20 6
998 37 6
16 40 4565
385 20 170
555 20 250
900 20 5
895 485 5
1390 35 5
1400 30 10
1435 25 10
1445 25 690
2795 15 35
2955 20 245
3250 40 20
3045 195 215
2385 315 310
4530 20 5
3670 30 25
9 30 1136
22 12 8
30 14 30
56 144 2
204 20 192
478 16 28
464 36 404
970 18 124
490 20 24
6 10 2685
3 9 3
1 5 318
319 325 10
167 11 52
704 210 7
14 18 892
21 3 69
79 97 13
143 5 3
210 7 4
226 4 1
233 6 8
248 10 4
261 10 317
615 12 4
64 4 45
793 8 42
65 32 9
291 16 9
5 111 433
5 110 171
102 87 33
225 71 1
246 71 37
4 28 51
14 27 13
37 7 1
45 2 2
16 31 1082
37 3 5
43 10 21
36 31 184
246 153 42
239 13 1
428 19 45
530 30 3
466 36 1
450 17 1
554 29 57
752 11 3
757 16 4
775 21 180
398 107 12
757 18 19
16 13 750
9 5 3
6 12 164
199 5 4
204 13 16
258 11 9
196 13 1
286 13 33
429 12 1
217 17 77
575 8 8
116 12 27
56 22 2
80 11 4
641 12 1
431 102 13
3 60 2252
20 50 166
180 255 22
15 19 648
1 20 1
18 2 36
38 25 67
154 5 4
163 14 21
46 22 19
21 12 79
137 25 5
193 14 19
341 14 1
227 24 5
101 16 6
372 14 74
436 104 4
14 7 51
4 4 6
10 5 2
12 2 1
14 7 4
2 2 1
9 5 1
14 6 2
22 7 5
27 3 2
7 4 1
11 7 3
29 7 3
41 5 7
16 21 1822
1 21 1
1 2 7
5 7 3
15 19 139
148 187 3
233 48 31
446 17 4
429 25 1
440 18 1
460 21 7
474 3 390
640 10 1
872 17 2
907 6 3
913 17 16
15 9 819
144 3 2
70 10 94
63 45 2
110 9 1
293 4 134
292 43 2
232 2 3
327 1 1
42 12 43
635 8 1
439 7 5
490 149 7
89 15 3
637 4 6
10 11 52
4 12 1
12 5 4
18 6 2
20 6 4
26 11 1
32 8 1
22 17 1
40 3 2
32 10 3
9 37 928
29 30 4
12 23 16
31 22 1
57 27 7
69 28 14
92 18 16
64 12 530
907 36 21
3 10 16
3 11 3
3 5 2
14 21 805
25 5 94
123 12 21
165 7 8
183 12 6
193 8 10
234 15 1
235 5 1
191 24 326
516 42 14
115 21 27
537 15 3
660 5 7
667 7 13
3 35 365
186 4 36
363 24 2
6 55 546
45 12 146
378 40 21
424 33 8
125 64 2
72 54 22
16 21 596
30 5 12
60 6 49
147 14 2
47 17 14
89 20 138
437 11 7
46 24 10
159 38 4
505 3 3
513 3 13
526 7 1
302 23 55
614 21 2
167 27 7
300 40 9
5 24 663
16 24 546
170 65 6
631 12 3
641 4 2
2 80 2086
1042 10 50
5 59 374
139 4 11
161 24 50
171 11 27
261 52 19
6 49 164
17 42 2
30 26 10
46 40 27
46 10 18
108 33 39
14 136 4136
316 8 20
392 76 104
380 136 256
644 1292 28
1196 8 280
2284 128 92
1796 100 32
2460 68 72
2560 44 12
888 36 192
4016 116 32
4100 96 28
4132 44 4
9 14 1105
30 2 3
33 13 192
232 8 5
149 28 2
98 53 2
113 11 6
330 13 753
1035 21 7
8 10 582
1 10 2
8 7 367
146 114 31
530 10 1
247 40 3
90 10 4
350 4 8
14 5 34
1 5 1
3 2 1
6 4 1
2 6 1
10 5 1
7 5 1
8 5 1
10 3 1
17 4 2
19 3 1
20 2 2
22 3 1
11 4 5
5 34 254
105 2 12
161 22 43
126 45 58
269 174 7
6 28 344
10 24 1
11 24 111
205 24 16
309 20 1
97 33 16
11 5 541
4 2 1
5 5 158
280 2 2
283 4 3
286 2 16
304 3 31
8 7 3
191 74 93
529 3 2
321 8 4
9 7 863
147 4 3
150 2 45
285 3 146
313 38 254
170 17 1
735 5 12
842 2 4
164 9 6
16 322 2530
23 322 161
207 184 69
414 69 46
322 184 115
782 69 115
575 391 23
1173 184 46
1242 184 230
1472 115 115
1012 345 69
1081 253 46
805 46 69
2001 207 161
2185 92 46
851 115 299
3 108 558
66 83 356
445 10 1
16 3 1062
2 3 1
4 2 1
2 1 1
4 3 192
197 166 12
78 21 12
320 83 1
9 2 46
532 135 6
676 3 2
681 2 1
682 2 157
886 3 1
887 2 66
298 109 1
15 24 929
22 24 7
36 10 5
42 16 2
27 26 1
55 2 130
184 220 30
221 190 27
637 3 2
639 7 14
655 21 71
789 7 11
690 14 70
912 6 1
917 12 12
10 120 3279
90 96 414
435 555 9
1005 96 6
1020 120 1131
792 651 27
2802 72 21
2823 39 33
2889 45 48
3132 90 57
5 38 3728
30 18 2
6 32 1512
484 206 4
1724 38 26
15 12 498
2 12 27
176 6 22
116 16 4
207 9 1
221 10 72
213 78 27
443 12 7
454 9 5
469 10 3
480 11 2
484 9 1
485 3 2
361 7 1
494 10 4
12 15 262
19 3 6
11 4 84
51 3 13
61 7 1
64 13 3
104 7 112
233 143 3
115 6 6
342 6 3
394 3 2
396 7 4
15 17 717
12 11 50
89 5 5
46 12 37
179 11 7
186 9 271
487 13 3
303 14 6
268 11 1
492 10 125
664 8 1
666 6 3
62 17 124
854 5 26
480 9 3
3 2900 4660
2440 480 120
1620 1380 2480
4 30 2692
54 2 398
446 312 199
1021 27 4
2 142 3741
109 111 108
7 51 670
75 5 12
42 60 10
67 62 357
440 108 16
581 4 34
517 56 41
14 56 3764
48 48 820
856 688 20
1572 24 8
1476 8 76
2240 32 4
2248 8 112
1844 64 4
2308 60 4
2460 12 244
2968 52 136
1328 72 16
1204 476 28
3724 48 40
9 98 2772
84 70 140
280 63 7
231 126 14
224 112 91
511 329 63
1043 28 56
1099 56 742
1757 987 28
4 61 816
28 41 7
5 71 210
242 524 50
13 11 382
137 4 45
225 5 1
157 5 2
229 8 62
98 10 11
224 41 1
348 8 5
353 9 2
345 15 3
257 10 2
96 7 6
58 8 4
11 23 139
11 18 1
7 5 5
9 21 6
26 12 15
33 25 4
73 15 6
79 20 5
52 16 18
40 8 2
118 22 7
11 7 770
1 8 1
1 2 17
15 140 12
171 6 62
249 5 3
53 7 146
399 210 22
67 10 63
133 70 1
375 2 5
14 22 194
11 22 1
1 12 1
3 30 9
35 10 17
65 16 13
84 10 12
99 19 1
108 3 3
127 7 13
121 10 9
157 20 4
53 20 4
190 20 4
8 16 4937
23 2 57
50 11 66
19 12 1
142 4 203
450 8 181
661 13 1
298 4 13
4 19 1358
114 4 164
267 275 4
548 4 11
9 23 711
10 18 144
86 30 246
74 38 9
463 21 7
237 35 36
56 24 41
697 19 2
656 26 3
6 29 160
28 19 8
7 37 2
27 31 4
72 4 2
47 16 17
6 170 3840
1885 25 1330
4010 120 120
2570 280 20
685 80 5
4290 95 110
11 3 19
2 2 1
1 3 1
2 4 1
5 3 1
7 3 1
9 1 1
13 2 2
15 2 1
7 3 2
14 2 1
9 29 619
28 2 18
39 57 11
105 75 14
168 117 40
376 6 10
387 16 15
71 31 88
247 115 27
3 88 1830
293 4 84
204 141 20
6 47 550
17 41 9
50 24 132
709 35 3
637 18 17
748 42 16
3 1170 2400
1116 324 480
360 324 450
7 73 325
38 53 3
63 40 22
123 64 46
51 44 9
219 56 11
98 70 70
4 52 136
45 23 6
6 84 6
49 25 37
8 23 2924
6 22 162
78 77 6
71 24 1
130 22 2
73 15 62
459 13 99
562 16 17
8 47 778
64 5 6
267 4 6
281 10 113
394 2 3
577 14 3
580 9 30
479 127 45
16 77 3647
42 84 28
84 42 21
105 28 210
259 154 56
476 70 161
567 581 84
1204 266 126
1554 301 14
1869 56 7
1876 77 399
2275 28 35
2345 70 609
1792 70 7
1099 42 105
3591 14 56
